90
68
77
28
49
99
27
52
10
63
70
73
17
98
31
57
68
68
30
24
40
19
8
32
70
33
38
24
3
62
48
46
63
41
86
45
70
52
87
90
77
18
17
39
96
25
10
43
23
15
87
23
61
16
31
80
47
98
43
82
86
97
84
12
63
8
3
93
72
92
62
90
14
41
42
26
88
6
39
72
42
94
6
18
82
20
21
75
52
25
5
97
85
25
57
1
73
53
47
98
60
91
6
40
73
49
84
27
65
50
42
25
81
17
90
89
15
2
56
4
54
81
92
12
42
76
20
9
89
84
12
47
37
47
17
15
28
67
7
63
33
31
47
57
80
44
34
1
87
30
12
77
42
4
8
49
13
61
10
93
72
65
46
3
23
1
21
44
33
44
62
69
27
21
98
16
49
92
76
15
91
32
23
44
58
97
79
24
63
96
25
96
86
81
36
2
83
23
59
70
49
37
7
11
81
25
36
98
29
84
66
85
55
24
51
82
47
46
9
48
47
71
17
27
17
35
22
55
4
63
28
21
49
78
9
7
91
47
63
92
37
41
55
91
54
44
79
32
51
49
65
7
93
64
85
2
18
21
30
18
67
96
4
40
71
25
56
22
31
68
54
90
91
90
32
52
32
85
71
87
95
71
40
14
76
34
67
4
42
29
43
65
9
21
27
64
33
76
15
53
26
72
64
42
12
32
41
2
91
98
46
54
9
22
87
76
87
20
93
26
70
12
12
48
99
7
64
31
81
55
23
58
67
29
75
27
21
84
83
75
73
37
18
48
92
10
67
2
75
73
78
33
54
52
78
71
30
30
23
16
50
54
81
23
77
25
36
39
8
37
88
91
55
31
19
67
35
43
13
34
78
36
11
26
10
73
36
10
95
69
26
3
46
68
57
1
52
37
44
55
99
3
7
0
68
52
83
53
80
44
20
3
11
79
44
47
43
39
34
4
77
75
38
86
89
57
32
44
56
1
59
99
52
41
59
27
90
58
68
24
7
56
99
1
39
61
66
62
48
10
67
94
4
58
82
76
91
64
13
95
85
86
11
14
90
39
64
51
13
22
84
31
10
42
23
70
92
30
30
15
93
17
63
12
20
39
53
78
32
57
25
5
93
48
68
60
56
8
43
54
95
64
84
94
19
48
79
96
21
28
27
86
29
44
97
4
28
3
17
53
74
2
69
83
66
94
60
8
97
33
24
75
60
86
19
78
4
57
27
2
35
27
80
18
76
24
27
91
28
62
85
86
93
78
59
47
68
96
19
3
46
12
37
22
99
48
90
18
46
56
49
34
36
18
87
38
87
84
50
91
11
1
96
90
2
99
95
41
68
40
1
47
88
49
9
86
72
91
44
34
99
39
57
33
16
54
13
42
56
62
88
17
94
90
8
59
25
69
38
0
60
5
77
46
24
78
8
46
63
50
19
26
4
34
7
37
91
40
57
58
56
29
41
13
55
63
51
25
47
10
9
16
29
42
57
72
21
39
89
0
59
5
31
36
65
46
77
94
41
67
53
99
19
49
52
88
76
55
90
13
54
52
7
79
51
19
47
92
17
6
85
7
63
20
79
54
99
29
6
75
85
3
56
54
5
14
4
12
99
44
22
59
32
10
76
4
91
66
84
64
24
51
12
76
96
43
36
61
53
87
27
10
82
90
48
58
8
29
92
80
32
48
33
56
66
11
74
34
4
24
32
14
75
97
63
4
95
48
70
82
35
61
88
10
62
97
33
66
20
62
11
37
21
60
84
40
11
87
68
60
46
3
86
68
83
28
0
49
15
19
48
9
53
21
43
50
88
83
65
19
58
25
15
84
46
71
25
58
36
2
13
22
7
92
85
27
65
72
91
31
62
42
89
9
76
50
56
45
53
3
89
54
75
50
66
14
28
71
69
78
65
70
0
48
81
17
67
65
57
89
26
4
15
68
26
87
74
17
14
94
29
86
10
28
6
45
50
1
32
77
24
70
59
75
19
77
77
7
53
72
34
83
2
60
20
21
85
43
8
50
15
5
78
63
17
32
5
52
88
17
11
27
25
90
89
58
62
34
23
60
73
55
22
29
92
66
90
32
91
36
96
50
56
18
10
53
70
17
29
82
6
45
76
82
92
30
64
0
11
7
57
44
58
13
87
66
71
31
76
40
79
8
76
45
13
80
9
93
51
67
59
27
87
57
65
80
86
78
30
94
28
63
5
63
0
36
44
40
59
99
83
80
98
40
0
89
62
68
40
56
44
50
55
16
79
20
15
86
85
12
